At time 1730201025.167884164
- Translation: [1.544, 3.544, 0.000]
- Rotation: in Quaternion [0.000, 0.000, 0.000, 1.000]
- Rotation: in RPY (radian) [0.000, -0.000, 0.000]
- Rotation: in RPY (degree) [0.000, -0.000, 0.000]
- Matrix:
  1.000  0.000  0.000  1.544
  0.000  1.000  0.000  3.544
  0.000  0.000  1.000  0.000
  0.000  0.000  0.000  1.000
At time 1730201026.176485779
- Translation: [1.544, 3.544, 0.000]
- Rotation: in Quaternion [0.000, 0.000, 0.000, 1.000]
- Rotation: in RPY (radian) [0.000, -0.000, 0.000]
- Rotation: in RPY (degree) [0.000, -0.000, 0.000]
- Matrix:
  1.000  0.000  0.000  1.544
  0.000  1.000  0.000  3.544
  0.000  0.000  1.000  0.000
  0.000  0.000  0.000  1.000
At time 1730201027.167730286
- Translation: [2.407, 1.364, 0.000]
- Rotation: in Quaternion [0.000, 0.000, -0.480, 0.877]
- Rotation: in RPY (radian) [0.000, 0.000, -1.002]
- Rotation: in RPY (degree) [0.000, 0.000, -57.410]
- Matrix:
  0.539  0.843  0.000  2.407
 -0.843  0.539 -0.000  1.364
 -0.000  0.000  1.000  0.000
  0.000  0.000  0.000  1.000
At time 1730201028.176068873
- Translation: [1.540, -1.219, 0.000]
- Rotation: in Quaternion [0.000, 0.000, -0.685, 0.729]
- Rotation: in RPY (radian) [0.000, 0.000, -1.509]
- Rotation: in RPY (degree) [0.000, 0.000, -86.475]
- Matrix:
  0.061  0.998  0.000  1.540
 -0.998  0.061 -0.000 -1.219
 -0.000  0.000  1.000  0.000
  0.000  0.000  0.000  1.000
At time 1730201029.167913148
- Translation: [1.372, -0.709, 0.000]
- Rotation: in Quaternion [0.000, 0.000, -0.395, 0.919]
- Rotation: in RPY (radian) [0.000, 0.000, -0.812]
- Rotation: in RPY (degree) [0.000, 0.000, -46.550]
- Matrix:
  0.688  0.726  0.000  1.372
 -0.726  0.688 -0.000 -0.709
 -0.000  0.000  1.000  0.000
  0.000  0.000  0.000  1.000
At time 1730201030.176131379
- Translation: [0.749, 0.686, 0.000]
- Rotation: in Quaternion [0.000, 0.000, -0.682, 0.732]
- Rotation: in RPY (radian) [0.000, 0.000, -1.500]
- Rotation: in RPY (degree) [0.000, 0.000, -85.924]
- Matrix:
  0.071  0.997  0.000  0.749
 -0.997  0.071 -0.000  0.686
 -0.000  0.000  1.000  0.000
  0.000  0.000  0.000  1.000
At time 1730201031.168049105
- Translation: [1.317, 1.006, 0.000]
- Rotation: in Quaternion [0.000, 0.000, 0.878, -0.479]
- Rotation: in RPY (radian) [0.000, -0.000, -2.142]
- Rotation: in RPY (degree) [0.000, -0.000, -122.744]
- Matrix:
 -0.541  0.841  0.000  1.317
 -0.841 -0.541  0.000  1.006
  0.000  0.000  1.000  0.000
  0.000  0.000  0.000  1.000
At time 1730201032.175696986
- Translation: [0.372, -0.889, 0.000]
- Rotation: in Quaternion [0.000, 0.000, -0.845, 0.534]
- Rotation: in RPY (radian) [0.000, 0.000, -2.014]
- Rotation: in RPY (degree) [0.000, 0.000, -115.421]
- Matrix:
 -0.429  0.903  0.000  0.372
 -0.903 -0.429 -0.000 -0.889
 -0.000  0.000  1.000  0.000
  0.000  0.000  0.000  1.000
At time 1730201033.167984068
- Translation: [1.082, -0.842, 0.000]
- Rotation: in Quaternion [0.000, 0.000, -0.778, 0.629]
- Rotation: in RPY (radian) [0.000, 0.000, -1.782]
- Rotation: in RPY (degree) [0.000, 0.000, -102.083]
- Matrix:
 -0.209  0.978  0.000  1.082
 -0.978 -0.209 -0.000 -0.842
 -0.000  0.000  1.000  0.000
  0.000  0.000  0.000  1.000
At time 1730201034.160159088
- Translation: [0.611, 1.455, 0.000]
- Rotation: in Quaternion [0.000, 0.000, -0.674, 0.738]
- Rotation: in RPY (radian) [0.000, 0.000, -1.481]
- Rotation: in RPY (degree) [0.000, 0.000, -84.831]
- Matrix:
  0.090  0.996  0.000  0.611
 -0.996  0.090 -0.000  1.455
 -0.000  0.000  1.000  0.000
  0.000  0.000  0.000  1.000
At time 1730201035.167950055
- Translation: [1.218, 0.772, 0.000]
- Rotation: in Quaternion [0.000, 0.000, 0.962, -0.272]
- Rotation: in RPY (radian) [0.000, -0.000, -2.591]
- Rotation: in RPY (degree) [0.000, -0.000, -148.473]
- Matrix:
 -0.852  0.523  0.000  1.218
 -0.523 -0.852  0.000  0.772
  0.000  0.000  1.000  0.000
  0.000  0.000  0.000  1.000
At time 1730201036.176200015
- Translation: [0.763, 0.173, 0.000]
- Rotation: in Quaternion [0.000, 0.000, 1.000, 0.001]
- Rotation: in RPY (radian) [0.000, -0.000, 3.140]
- Rotation: in RPY (degree) [0.000, -0.000, 179.882]
- Matrix:
 -1.000 -0.002  0.000  0.763
  0.002 -1.000  0.000  0.173
  0.000  0.000  1.000  0.000
  0.000  0.000  0.000  1.000
At time 1730201037.168316076
- Translation: [0.398, 0.043, 0.000]
- Rotation: in Quaternion [0.000, 0.000, 0.994, 0.111]
- Rotation: in RPY (radian) [0.000, -0.000, 2.919]
- Rotation: in RPY (degree) [0.000, -0.000, 167.265]
- Matrix:
 -0.975 -0.220  0.000  0.398
  0.220 -0.975  0.000  0.043
  0.000  0.000  1.000  0.000
  0.000  0.000  0.000  1.000
At time 1730201038.175997081
- Translation: [0.199, 0.010, 0.000]
- Rotation: in Quaternion [0.000, 0.000, 0.986, 0.165]
- Rotation: in RPY (radian) [0.000, -0.000, 2.811]
- Rotation: in RPY (degree) [0.000, -0.000, 161.039]
- Matrix:
 -0.946 -0.325  0.000  0.199
  0.325 -0.946  0.000  0.010
  0.000  0.000  1.000  0.000
  0.000  0.000  0.000  1.000
At time 1730201039.168470334
- Translation: [0.101, 0.003, 0.000]
- Rotation: in Quaternion [0.000, 0.000, 0.982, 0.190]
- Rotation: in RPY (radian) [0.000, -0.000, 2.759]
- Rotation: in RPY (degree) [0.000, -0.000, 158.066]
- Matrix:
 -0.928 -0.374  0.000  0.101
  0.374 -0.928  0.000  0.003
  0.000  0.000  1.000  0.000
  0.000  0.000  0.000  1.000
At time 1730201040.175932898
- Translation: [0.050, 0.001, 0.000]
- Rotation: in Quaternion [0.000, 0.000, 0.979, 0.203]
- Rotation: in RPY (radian) [0.000, -0.000, 2.733]
- Rotation: in RPY (degree) [0.000, -0.000, 156.569]
- Matrix:
 -0.918 -0.398  0.000  0.050
  0.398 -0.918  0.000  0.001
  0.000  0.000  1.000  0.000
  0.000  0.000  0.000  1.000
At time 1730201041.168111506
- Translation: [0.025, 0.000, 0.000]
- Rotation: in Quaternion [0.000, 0.000, 0.978, 0.209]
- Rotation: in RPY (radian) [0.000, -0.000, 2.720]
- Rotation: in RPY (degree) [0.000, -0.000, 155.851]
- Matrix:
 -0.912 -0.409  0.000  0.025
  0.409 -0.912  0.000  0.000
  0.000  0.000  1.000  0.000
  0.000  0.000  0.000  1.000
At time 1730201042.176371977
- Translation: [0.012, 0.000, 0.000]
- Rotation: in Quaternion [0.000, 0.000, 0.977, 0.212]
- Rotation: in RPY (radian) [0.000, -0.000, 2.714]
- Rotation: in RPY (degree) [0.000, -0.000, 155.490]
- Matrix:
 -0.910 -0.415  0.000  0.012
  0.415 -0.910  0.000  0.000
  0.000  0.000  1.000  0.000
  0.000  0.000  0.000  1.000
At time 1730201043.168808680
- Translation: [0.006, 0.000, 0.000]
- Rotation: in Quaternion [0.000, 0.000, 0.977, 0.214]
- Rotation: in RPY (radian) [0.000, -0.000, 2.711]
- Rotation: in RPY (degree) [0.000, -0.000, 155.313]
- Matrix:
 -0.909 -0.418  0.000  0.006
  0.418 -0.909  0.000  0.000
  0.000  0.000  1.000  0.000
  0.000  0.000  0.000  1.000
At time 1730201044.175673132
- Translation: [0.003, 0.000, 0.000]
- Rotation: in Quaternion [0.000, 0.000, 0.977, 0.214]
- Rotation: in RPY (radian) [0.000, -0.000, 2.709]
- Rotation: in RPY (degree) [0.000, -0.000, 155.229]
- Matrix:
 -0.908 -0.419  0.000  0.003
  0.419 -0.908  0.000  0.000
  0.000  0.000  1.000  0.000
  0.000  0.000  0.000  1.000
At time 1730201045.168358715
- Translation: [0.002, 0.000, 0.000]
- Rotation: in Quaternion [0.000, 0.000, 0.977, 0.215]
- Rotation: in RPY (radian) [0.000, -0.000, 2.709]
- Rotation: in RPY (degree) [0.000, -0.000, 155.187]
- Matrix:
 -0.908 -0.420  0.000  0.002
  0.420 -0.908  0.000  0.000
  0.000  0.000  1.000  0.000
  0.000  0.000  0.000  1.000
